list(jags.data = list(xmin = 0.25, xmax = 1, ymin = 0.25, ymax = 1, 
    M = 115L, nind = 115L, npix = 36, nocc = 8, cov = c(0, 0, 
    0, 0, 0, 0, 0, 0, 0, 0, 0, 0, 0, 0, 9.5, 9.5, 0, 0, 0, 0, 
    8, 8, 0, 0, 0.972086227266118, 0.120375990867615, 0.874399140011519, 
    0.416630114428699, 0.511797749670222, 0.231358086690307, 
    0.178147721104324, 0.476832362124696, 0.450995896477252, 
    0.654807039536536, 0.861038415459916, 0.924731249455363), 
    age.max = 10, pxw = 0.25, pixels = structure(c(31L, 32L, 
    33L, 34L, 35L, 36L, 25L, 26L, 27L, 28L, 29L, 30L, 19L, 20L, 
    21L, 22L, 23L, 24L, 13L, 14L, 15L, 16L, 17L, 18L, 7L, 8L, 
    9L, 10L, 11L, 12L, 1L, 2L, 3L, 4L, 5L, 6L), .Dim = c(6L, 
    6L)), sex = c(1L, 1L, 0L, 0L, 0L, 0L, 1L, 0L, 0L, 1L, 1L, 
    1L, 1L, 1L, 1L, 0L, 1L, 0L, 0L, 0L, 1L, 0L, 0L, 1L, 1L, 0L, 
    0L, 0L, 0L, 0L, 0L, 0L, 0L, 1L, 1L, 0L, 1L, 1L, 0L, 0L, 1L, 
    0L, 1L, 0L, 0L, 0L, 1L, 1L, 0L, 0L, 1L, 0L, 0L, 1L, 0L, 1L, 
    1L, 1L, 0L, 1L, 0L, 0L, 0L, 0L, 1L, 1L, 0L, 1L, 0L, 1L, 0L, 
    1L, 0L, 0L, 0L, 0L, 0L, 1L, 1L, 0L, 1L, 1L, 1L, 0L, 1L, 0L, 
    0L, 1L, 0L, 0L, 0L, 1L, 1L, 1L, 1L, 1L, 0L, 1L, 1L, 1L, 0L, 
    0L, 0L, 1L, 0L, 0L, 1L, 1L, 0L, 0L, 1L, 0L, 0L, 1L, 1L), 
    s = structure(c(0.82354209703044, 0.620979260304011, 0.673974543809891, 
    0.632984271418536, 0.596791209100047, 0.610060227831127, 
    0.892122454621131, 0.648736347764498, 0.860764438577462, 
    0.876824272738304, 0.668797902821098, 0.565014557359973, 
    0.819281300646253, 0.818086156650679, 0.5789549468318, 0.936910785123473, 
    0.910529978282284, 0.563215045607649, NA, NA, NA, NA, NA, 
    NA, NA, NA, NA, NA, NA, NA, NA, NA, NA, NA, NA, NA, NA, NA, 
    NA, NA, NA, NA, NA, NA, NA, NA, NA, NA, NA, NA, NA, NA, NA, 
    NA, NA, NA, NA, NA, NA, NA, NA, NA, NA, NA, NA, NA, NA, NA, 
    NA, NA, NA, NA, NA, NA, NA, NA, NA, NA, NA, NA, NA, NA, NA, 
    NA, NA, NA, NA, NA, NA, NA, NA, NA, NA, NA, NA, NA, NA, NA, 
    NA, NA, NA, NA, NA, NA, NA, NA, NA, NA, NA, NA, NA, NA, NA, 
    NA, NA, 0.913832113525132, 0.859595558664296, 0.909373174188659, 
    0.63514133807621, 0.868233676475938, 0.906576641951688, 0.877144700614735, 
    0.839864311477868, 0.897437557025114, 0.924283150350675, 
    0.878602585522458, 0.884616874769563, 0.903321060206508, 
    0.897083300806116, 0.816223196976352, 0.901952574000461, 
    0.91467888263287, 0.814193018391961, NA, NA, NA, NA, NA, 
    NA, NA, NA, NA, NA, NA, NA, NA, NA, NA, NA, NA, NA, NA, NA, 
    NA, NA, NA, NA, NA, NA, NA, NA, NA, NA, NA, NA, NA, NA, NA, 
    NA, NA, NA, NA, NA, NA, NA, NA, NA, NA, NA, NA, NA, NA, NA, 
    NA, NA, NA, NA, NA, NA, NA, NA, NA, NA, NA, NA, NA, NA, NA, 
    NA, NA, NA, NA, NA, NA, NA, NA, NA, NA, NA, NA, NA, NA, NA, 
    NA, NA, NA, NA, NA, NA, NA, NA, NA, NA, NA, NA, NA, NA, NA, 
    NA, NA, NA, NA, 0.676126947119016, NA, NA, 0.674945148152813, 
    NA, NA, NA, 0.939869418806655, NA, NA, 0.816138557709713, 
    0.893790340020589, 0.655325251562299, NA, NA, NA, NA, NA, 
    NA, NA, NA, NA, NA, NA, NA, 0.880715019125305, 0.885110471039715, 
    NA, NA, NA, NA, NA, NA, NA, 0.850920195305772, 0.59045950427632, 
    0.612736600648038, 0.633578873493688, NA, 0.920159117433027, 
    0.943608825373224, NA, NA, NA, NA, NA, NA, NA, NA, 0.591565349022386, 
    NA, NA, NA, NA, 0.669323463931122, NA, 0.63921770722601, 
    NA, 0.849754652838828, NA, NA, NA, NA, NA, 0.679455766569857, 
    NA, 0.601279118612534, 0.824409664216605, 0.627588942679539, 
    0.668477509648702, NA, NA, NA, NA, NA, NA, NA, NA, NA, 0.612509635604068, 
    0.667709708692585, NA, 0.92682573596488, 0.854802616153865, 
    0.60896881913337, NA, NA, 0.58411644839183, NA, NA, NA, 0.602684942171784, 
    NA, 0.900362450215459, NA, NA, NA, NA, NA, NA, NA, NA, NA, 
    NA, NA, 0.630279092284655, NA, NA, NA, NA, 0.838560767513851, 
    0.588761048545683, 0.850026548023278, NA, NA, 0.938615712791341, 
    NA, NA, 0.933338649562016, NA, NA, NA, 0.901924590139678, 
    NA, NA, 0.989480690497486, 0.887415262555322, 0.723747479200308, 
    NA, NA, NA, NA, NA, NA, NA, NA, NA, NA, NA, NA, 0.601400721066305, 
    0.895275935377084, NA, NA, NA, NA, NA, NA, NA, 0.861887253741392, 
    0.823215807457586, 0.881336639929655, 0.630357423266922, 
    NA, 0.872887857580538, 0.935333754096333, NA, NA, NA, NA, 
    NA, NA, NA, NA, 0.883099286454101, NA, NA, NA, NA, 0.940795603054715, 
    NA, 0.85999578878528, NA, 0.665176798726624, NA, NA, NA, 
    NA, NA, 0.925975449129186, NA, 0.925900920715911, 0.922631086551515, 
    0.582718087642571, 0.822116874312401, NA, NA, NA, NA, NA, 
    NA, NA, NA, NA, 0.816536534345896, 0.882942067229341, NA, 
    0.892098315146183, 0.865068616130681, 0.854485602570712, 
    NA, NA, 0.837220936947153, NA, NA, NA, 0.903217280817926, 
    NA, 0.875555924945071, NA, NA, NA, NA, NA, NA, NA, NA, NA, 
    NA, NA, 0.838790155270654, NA, NA, NA, NA, 0.852381556151165, 
    0.87335037379584, 0.928452863900376, NA, NA, NA, NA, NA, 
    0.613614389398493, NA, NA, NA, NA, NA, NA, 0.858675496451459, 
    NA, NA, NA, NA, NA, 0.825171759173281, 0.878985734045496, 
    NA, NA, NA, NA, NA, 0.786251625277067, NA, NA, NA, NA, 0.619463113905956, 
    NA, NA, NA, NA, 0.824282686506669, 0.798638758705136, NA, 
    NA, NA, NA, 0.89623006986124, NA, NA, NA, NA, NA, 0.556240617241539, 
    NA, NA, NA, 0.553151770915306, 0.81057089408767, NA, 0.929648735858339, 
    0.62580489437905, 0.557078792601072, NA, NA, NA, 0.827920863594268, 
    NA, 0.647726766993258, NA, NA, NA, 0.58563946427956, NA, 
    0.540315441448247, NA, 0.59706126201193, NA, 0.593352752518812, 
    0.575447649174599, NA, NA, NA, 0.667520974217413, NA, NA, 
    0.6917641765837, NA, NA, 0.5879426925476, NA, NA, NA, NA, 
    NA, NA, NA, NA, NA, NA, NA, NA, NA, NA, NA, NA, 0.561031164168782, 
    0.867473760328788, 0.647329376093939, NA, NA, NA, NA, NA, 
    NA, 0.691020933444386, NA, NA, NA, NA, NA, NA, NA, NA, NA, 
    NA, 0.988290981014282, NA, NA, NA, NA, NA, NA, 0.91, NA, 
    NA, NA, NA, NA, 0.928754729352763, 0.590876252966373, NA, 
    NA, NA, NA, NA, 0.933188561359262, NA, NA, NA, NA, 0.887512919024311, 
    NA, NA, NA, NA, 0.614219225620028, 0.865075675852462, NA, 
    NA, NA, NA, 0.910540843277114, NA, NA, NA, NA, NA, 0.913888559704569, 
    NA, NA, NA, 0.827531632589401, 0.898297438592398, NA, 0.827415113744551, 
    0.899010093556773, 0.94762987965254, NA, NA, NA, 0.627533121544541, 
    NA, 0.805935819720202, NA, NA, NA, 0.914438376459192, NA, 
    0.908482746792792, NA, 0.50392268444753, NA, 0.692657312026471, 
    0.917418866170528, NA, NA, NA, 0.866352675923092, NA, NA, 
    0.588051929223713, NA, NA, 0.959327609845773, NA, NA, NA, 
    NA, NA, NA, NA, NA, NA, NA, NA, NA, NA, NA, NA, NA, 0.835235947248832, 
    0.841961620203029, 0.887660846337621, NA, NA, NA, NA, NA, 
    NA, 0.592682370050522, NA, NA, NA, NA, NA, NA, NA, NA, NA, 
    NA, NA, NA, NA, NA, NA, NA, NA, 0.871009759971411, NA, NA, 
    NA, NA, NA, NA, 0.917898744551266, NA, NA, 0.621589536827141, 
    NA, 0.908486753506682, NA, NA, NA, NA, NA, 0.661327774378722, 
    0.640343164050853, NA, 0.706885289964312, NA, NA, NA, NA, 
    NA, NA, NA, NA, NA, NA, NA, NA, 0.623626671427843, NA, NA, 
    NA, NA, 0.576762577885634, NA, NA, NA, NA, NA, NA, NA, 0.862423599748083, 
    0.848490090346862, NA, NA, NA, 0.918979461495577, 0.629518923660516, 
    0.610798760337691, NA, 0.589596530338736, NA, NA, NA, 0.557207699342993, 
    NA, NA, 0.804333520974487, NA, NA, NA, NA, 0.625419702241432, 
    NA, NA, 0.607824622629496, NA, NA, NA, 0.865803901013347, 
    NA, NA, 0.893915741110109, NA, NA, NA, 0.616688290751437, 
    NA, NA, NA, NA, NA, 0.507977119069166, 0.911253367581878, 
    NA, NA, NA, NA, NA, NA, 0.879454519519688, 0.694592492731721, 
    NA, NA, NA, NA, NA, NA, NA, NA, NA, NA, NA, NA, NA, NA, NA, 
    NA, NA, 0.828286999891638, NA, NA, NA, NA, NA, NA, 0.593595184122629, 
    NA, NA, 0.578754081466012, NA, 0.917401492540903, NA, NA, 
    NA, NA, NA, 0.936224233350611, 0.942536526485365, NA, 0.915456640895784, 
    NA, NA, NA, NA, NA, NA, NA, NA, NA, NA, NA, NA, 0.799221794247321, 
    NA, NA, NA, NA, 0.853270968550373, NA, NA, NA, NA, NA, NA, 
    NA, 0.86192397989229, 0.659877129534402, NA, NA, NA, 0.659194549392874, 
    0.917900146721255, 0.900176963539429, NA, 0.900838235288068, 
    NA, NA, NA, 0.681725667953737, NA, NA, 0.880964091131407, 
    NA, NA, NA, NA, 0.556123024421359, NA, NA, 0.928025246543127, 
    NA, NA, NA, 0.915764376996171, NA, NA, 0.818978037729587, 
    NA, NA, NA, 0.831851950135167, NA, NA, NA, NA, NA, 0.853563524855539, 
    0.846683967558345, NA, NA, NA, NA, NA, NA, 0.875223206844855, 
    0.541863147950158, NA, NA, NA, NA, NA, NA, NA, NA, NA, NA, 
    NA, NA, NA, NA, NA, NA, NA, 0.860420978778539, NA, NA, NA, 
    NA, NA, NA, NA, 0.569374315401334, NA, 0.570869040481782, 
    NA, NA, NA, NA, NA, NA, 0.840543937748032, NA, NA, NA, NA, 
    0.93498626944612, NA, NA, NA, NA, NA, NA, NA, NA, 0.880236613564789, 
    NA, 0.645950688784412, 0.674717131200623, NA, NA, 0.932998404955011, 
    NA, 0.530843484288344, NA, NA, NA, NA, NA, 0.835473481499733, 
    NA, 0.889826575294899, NA, NA, NA, 0.647397780821471, NA, 
    NA, 0.646551053845446, NA, NA, NA, NA, NA, NA, NA, 0.867501589525915, 
    NA, 0.59734000999939, NA, NA, NA, NA, NA, NA, NA, NA, NA, 
    NA, NA, 0.604262927459855, NA, 0.87624164932776, NA, NA, 
    NA, NA, NA, 0.59178929560571, NA, NA, NA, NA, 0.871478401928242, 
    NA, NA, 0.878768254440011, NA, 0.634498451458599, NA, NA, 
    0.67321245992414, NA, NA, NA, NA, NA, NA, NA, NA, NA, NA, 
    NA, NA, NA, NA, NA, NA, NA, 0.79336839105693, NA, NA, NA, 
    NA, NA, NA, NA, 0.911343563616462, NA, 0.598237986214221, 
    NA, NA, NA, NA, NA, NA, 0.865123977792613, NA, NA, NA, NA, 
    0.683871297483959, NA, NA, NA, NA, NA, NA, NA, NA, 0.861791383351259, 
    NA, 0.908226283970158, 0.735019776002715, NA, NA, 0.955085252917226, 
    NA, 0.850367889707431, NA, NA, NA, NA, NA, 0.860280573319136, 
    NA, 0.862721620878978, NA, NA, NA, 0.855902718014355, NA, 
    NA, 0.969346293570384, NA, NA, NA, NA, NA, NA, NA, 0.810542744199441, 
    NA, 0.560041165689698, NA, NA, NA, NA, NA, NA, NA, NA, NA, 
    NA, NA, 0.640524437404863, NA, 0.819681206289405, NA, NA, 
    NA, NA, NA, 0.873092417805821, NA, NA, NA, NA, 0.838383936888795, 
    NA, NA, 0.892860660837802, NA, 0.876848558059984, NA, NA, 
    0.572630319785861, NA, NA, NA, NA, NA, NA, NA, NA, NA, NA, 
    NA, NA, NA, NA, NA, NA, NA, 0.924295432951972, NA, NA, NA, 
    NA, NA, NA, NA, NA, NA, NA, 0.886994373801607, NA, NA, NA, 
    NA, NA, 0.811153472048043, NA, NA, 0.913235331956474, NA, 
    0.948187513772363, NA, NA, NA, NA, NA, 0.606849189816502, 
    NA, NA, NA, NA, NA, NA, NA, NA, NA, 0.585216361099561, 0.535794005087243, 
    NA, 0.853471050543808, NA, NA, NA, NA, NA, 0.93113679807883, 
    NA, NA, NA, NA, NA, NA, NA, NA, NA, NA, NA, NA, NA, NA, NA, 
    NA, NA, NA, NA, NA, NA, NA, NA, NA, NA, NA, NA, NA, NA, NA, 
    0.89258566274505, 0.565428346385386, 0.565287246514469, NA, 
    NA, NA, NA, 0.96430754964197, NA, 0.870590001666248, NA, 
    0.884933653903082, NA, NA, NA, 0.591895703456342, NA, NA, 
    NA, 0.64248651620168, NA, 0.864951673398963, NA, NA, NA, 
    NA, NA, NA, NA, NA, NA, NA, NA, NA, NA, NA, NA, 0.791474256087034, 
    NA, NA, NA, NA, NA, NA, NA, NA, NA, NA, 0.935175773092651, 
    NA, NA, NA, NA, NA, 0.875026330481406, NA, NA, 0.934074561374491, 
    NA, 0.71730734284108, NA, NA, NA, NA, NA, 0.904024785721659, 
    NA, NA, NA, NA, NA, NA, NA, NA, NA, 0.946504436392722, 0.817757410199992, 
    NA, 0.907602892880875, NA, NA, NA, NA, NA, 0.844246201877239, 
    NA, NA, NA, NA, NA, NA, NA, NA, NA, NA, NA, NA, NA, NA, NA, 
    NA, NA, NA, NA, NA, NA, NA, NA, NA, NA, NA, NA, NA, NA, NA, 
    0.82797098790894, 0.862068769654548, 0.953589922622697, NA, 
    NA, NA, NA, 0.848777478114428, NA, 0.630818518773313, NA, 
    0.810704642402821, NA, NA, NA, 0.64874409253503, NA, NA, 
    NA, 0.602005654133111, NA, 0.854708766599956, NA, NA, NA, 
    NA, NA, NA, NA, NA, NA, NA, NA, NA, NA, NA, NA, 0.87432747075843, 
    NA, NA, NA, NA, NA, NA, NA, NA, 0.570104409046917, NA, NA, 
    NA, NA, NA, NA, NA, NA, NA, NA, NA, NA, NA, NA, NA, NA, NA, 
    NA, 0.612501297105461, NA, NA, NA, NA, NA, NA, NA, NA, NA, 
    0.633269428615857, NA, NA, NA, NA, NA, NA, NA, NA, 0.916145647588722, 
    NA, 0.70412779155729, NA, NA, NA, NA, NA, 0.635263027138122, 
    NA, NA, NA, NA, NA, NA, NA, NA, NA, NA, NA, 0.864955340553884, 
    NA, NA, NA, NA, NA, NA, NA, NA, NA, NA, 0.926328649520188, 
    0.567674247964829, 0.585821869607687, NA, NA, NA, NA, NA, 
    0.573806088857427, 0.877166649319649, NA, NA, NA, 0.612192232637893, 
    NA, NA, NA, NA, NA, 0.667360511031437, NA, NA, NA, NA, NA, 
    NA, NA, NA, NA, NA, NA, NA, NA, NA, NA, NA, NA, 0.789306422622752, 
    NA, NA, NA, NA, NA, NA, NA, NA, 0.885295355639842, NA, NA, 
    NA, NA, NA, NA, NA, NA, NA, NA, NA, NA, NA, NA, NA, NA, NA, 
    NA, 0.902623376653241, NA, NA, NA, NA, NA, NA, NA, NA, NA, 
    0.91, NA, NA, NA, NA, NA, NA, NA, NA, 0.910710946597004, 
    NA, 0.936838806523011, NA, NA, NA, NA, NA, 0.86457303278488, 
    NA, NA, NA, NA, NA, NA, NA, NA, NA, NA, NA, 0.967244801361779, 
    NA, NA, NA, NA, NA, NA, NA, NA, NA, NA, 0.855331167837307, 
    0.893058137360041, 0.875978630151949, NA, NA, NA, NA, NA, 
    0.616460808171985, 0.583168789692057, NA, NA, NA, 0.879840509648219, 
    NA, NA, NA, NA, NA, 0.583471937206464, NA, NA, NA, NA, NA, 
    NA, NA, NA, NA, NA, NA, NA, NA, NA, NA, NA, NA, 0.919378512967067, 
    NA, NA, NA, NA, NA, NA, NA, NA, 0.563042219368205, NA, NA, 
    NA, NA, 0.599478549805093, NA, NA, NA, NA, NA, NA, NA, NA, 
    NA, NA, NA, NA, NA, 0.600652428875214, NA, NA, NA, 0.951685085802036, 
    NA, NA, NA, 0.903440036650107, NA, 0.650503718408493, NA, 
    NA, NA, NA, NA, NA, NA, NA, 0.908453745748315, NA, NA, NA, 
    NA, NA, NA, NA, NA, NA, NA, NA, NA, NA, NA, NA, NA, NA, NA, 
    0.689909614703832, NA, NA, NA, NA, NA, NA, NA, NA, NA, NA, 
    NA, 0.955485379468288, NA, NA, NA, NA, NA, NA, NA, NA, NA, 
    NA, NA, NA, 0.597947253968929, NA, NA, NA, NA, NA, 0.625462344983958, 
    0.628301595111476, NA, NA, NA, NA, NA, NA, NA, NA, NA, NA, 
    NA, NA, NA, NA, NA, NA, 0.824316600459564, NA, NA, NA, NA, 
    NA, NA, NA, NA, 0.952130747369943, NA, NA, NA, NA, 0.638621738566014, 
    NA, NA, NA, NA, NA, NA, NA, NA, NA, NA, NA, NA, NA, 0.907271584337692, 
    NA, NA, NA, 0.898724921495448, NA, NA, NA, 0.619565665257542, 
    NA, 0.835594282992838, NA, NA, NA, NA, NA, NA, NA, NA, 0.98626122676661, 
    NA, NA, NA, NA, NA, NA, NA, NA, NA, NA, NA, NA, NA, NA, NA, 
    NA, NA, NA, 0.918752675923982, NA, NA, NA, NA, NA, NA, NA, 
    NA, NA, NA, NA, 0.847083704118995, NA, NA, NA, NA, NA, NA, 
    NA, NA, NA, NA, NA, NA, 0.846636632735377, NA, NA, NA, NA, 
    NA, 0.527056718570363, 0.951196917482909, NA, NA, NA, NA), .Dim = c(115L, 
    2L, 8L)), age.pre = c(1, 2, 3, 2, 3, 2, 2, 3, 4, 0, 3, 6, 
    0, 1, 3, 3, 5, 1, 0, 0, 0, 0, 0, 0, 0, 0, 0, 0, 0, 0, 0, 
    0, 0, 0, 0, 0, 0, 0, 0, 0, 0, 0, 0, 0, 0, 0, 0, 0, 0, 0, 
    0, 0, 0, 0, 0, 0, 0, 0, 0, 0, 0, 0, 0, 0, 0, 0, 0, 0, 0, 
    0, 0, 0, 0, 0, 0, 0, 0, 0, 0, 0, 0, 0, 0, 0, 0, 0, 0, 0, 
    0, 0, 0, 0, 0, 0, 0, 0, 0, 0, 0, 0, 0, 0, 0, 0, 0, 0, 0, 
    0, 0, 0, 0, 0, 0, 0, 0), z = structure(c(1, 1, 1, 1, 1, 1, 
    1, 1, 1, 1, 1, 1, 1, 1, 1, 1, 1, 1, 0, 0, 0, 0, 0, 0, 0, 
    0, 0, 0, 0, 0, 0, 0, 0, 0, 0, 0, 0, 0, 0, 0, 0, 0, 0, 0, 
    0, 0, 0, 0, 0, 0, 0, 0, 0, 0, 0, 0, 0, 0, 0, 0, 0, 0, 0, 
    0, 0, 0, 0, 0, 0, 0, 0, 0, 0, 0, 0, 0, 0, 0, 0, 0, 0, 0, 
    0, 0, 0, 0, 0, 0, 0, 0, 0, 0, 0, 0, 0, 0, 0, 0, 0, 0, 0, 
    0, 0, 0, 0, 0, 0, 0, 0, 0, 0, 0, 0, 0, 0, 0, 0, 1, 0, 0, 
    1, 0, 0, 0, 1, 0, 0, 1, 1, 1, 0, 0, 0, 0, 0, 0, 0, 0, 0, 
    0, 0, 0, 1, 1, 0, 0, 0, 0, 0, 0, 0, 1, 1, 1, 1, 0, 1, 1, 
    0, 0, 0, 0, 0, 0, 0, 0, 1, 0, 0, 0, 0, 1, 0, 1, 0, 1, 0, 
    0, 0, 0, 0, 1, 0, 1, 1, 1, 1, 0, 0, 0, 0, 0, 0, 0, 0, 0, 
    1, 1, 0, 1, 1, 1, 0, 0, 1, 0, 0, 0, 1, 0, 1, 0, 0, 0, 0, 
    0, 0, 0, 0, 0, 0, 0, 1, 0, 0, 0, 0, 1, 1, 1, 0, 0, 0, 0, 
    0, 1, 0, 0, 0, 0, 0, 0, 1, 0, 0, 0, 0, 0, 1, 1, 0, 0, 0, 
    0, 0, 1, 0, 0, 0, 0, 1, 0, 0, 0, 0, 1, 1, 0, 0, 0, 0, 1, 
    0, 0, 0, 0, 0, 1, 0, 0, 0, 1, 1, 0, 1, 1, 1, 0, 0, 0, 1, 
    0, 1, 0, 0, 0, 1, 0, 1, 0, 1, 0, 1, 1, 0, 0, 0, 1, 0, 0, 
    1, 0, 0, 1, 0, 0, 0, 0, 0, 0, 0, 0, 0, 0, 0, 0, 0, 0, 0, 
    0, 1, 1, 1, 0, 0, 0, 0, 0, 0, 1, 0, 0, 0, 0, 0, 0, 0, 0, 
    0, 0, 0, 0, 0, 0, 0, 0, 0, 1, 0, 0, 0, 0, 0, 0, 1, 0, 0, 
    1, 0, 1, 0, 0, 0, 0, 0, 1, 1, 0, 1, 0, 0, 0, 0, 0, 0, 0, 
    0, 0, 0, 0, 0, 1, 0, 0, 0, 0, 1, 0, 0, 0, 0, 0, 0, 0, 1, 
    1, 0, 0, 0, 1, 1, 1, 0, 1, 0, 0, 0, 1, 0, 0, 1, 0, 0, 0, 
    0, 1, 0, 0, 1, 0, 0, 0, 1, 0, 0, 1, 0, 0, 0, 1, 0, 0, 0, 
    0, 0, 1, 1, 0, 0, 0, 0, 0, 0, 1, 1, 0, 0, 0, 0, 0, 0, 0, 
    0, 0, 0, 0, 0, 0, 0, 0, 0, 0, 1, 0, 0, 0, 0, 0, 0, 0, 1, 
    0, 1, 0, 0, 0, 0, 0, 0, 1, 0, 0, 0, 0, 1, 0, 0, 0, 0, 0, 
    0, 0, 0, 1, 0, 1, 1, 0, 0, 1, 0, 1, 0, 0, 0, 0, 0, 1, 0, 
    1, 0, 0, 0, 1, 0, 0, 1, 0, 0, 0, 0, 0, 0, 0, 1, 0, 1, 0, 
    0, 0, 0, 0, 0, 0, 0, 0, 0, 0, 1, 0, 1, 0, 0, 0, 0, 0, 1, 
    0, 0, 0, 0, 1, 0, 0, 1, 0, 1, 0, 0, 1, 0, 0, 0, 0, 0, 0, 
    0, 0, 0, 0, 0, 0, 0, 0, 0, 0, 0, 1, 0, 0, 0, 0, 0, 0, 0, 
    0, 0, 0, 1, 0, 0, 0, 0, 0, 1, 0, 0, 1, 0, 1, 0, 0, 0, 0, 
    0, 1, 0, 0, 0, 0, 0, 0, 0, 0, 0, 1, 1, 0, 1, 0, 0, 0, 0, 
    0, 1, 0, 0, 0, 0, 0, 0, 0, 0, 0, 0, 0, 0, 0, 0, 0, 0, 0, 
    0, 0, 0, 0, 0, 0, 0, 0, 0, 0, 0, 0, 0, 1, 1, 1, 0, 0, 0, 
    0, 1, 0, 1, 0, 1, 0, 0, 0, 1, 0, 0, 0, 1, 0, 1, 0, 0, 0, 
    0, 0, 0, 0, 0, 0, 0, 0, 0, 0, 0, 0, 1, 0, 0, 0, 0, 0, 0, 
    0, 0, 1, 0, 0, 0, 0, 0, 0, 0, 0, 0, 0, 0, 0, 0, 0, 0, 0, 
    0, 0, 1, 0, 0, 0, 0, 0, 0, 0, 0, 0, 1, 0, 0, 0, 0, 0, 0, 
    0, 0, 1, 0, 1, 0, 0, 0, 0, 0, 1, 0, 0, 0, 0, 0, 0, 0, 0, 
    0, 0, 0, 1, 0, 0, 0, 0, 0, 0, 0, 0, 0, 0, 1, 1, 1, 0, 0, 
    0, 0, 0, 1, 1, 0, 0, 0, 1, 0, 0, 0, 0, 0, 1, 0, 0, 0, 0, 
    0, 0, 0, 0, 0, 0, 0, 0, 0, 0, 0, 0, 0, 1, 0, 0, 0, 0, 0, 
    0, 0, 0, 1, 0, 0, 0, 0, 1, 0, 0, 0, 0, 0, 0, 0, 0, 0, 0, 
    0, 0, 0, 1, 0, 0, 0, 1, 0, 0, 0, 1, 0, 1, 0, 0, 0, 0, 0, 
    0, 0, 0, 1, 0, 0, 0, 0, 0, 0, 0, 0, 0, 0, 0, 0, 0, 0, 0, 
    0, 0, 0, 1, 0, 0, 0, 0, 0, 0, 0, 0, 0, 0, 0, 1, 0, 0, 0, 
    0, 0, 0, 0, 0, 0, 0, 0, 0, 1, 0, 0, 0, 0, 0, 1, 1, 0, 0, 
    0, 0), .Dim = c(115L, 8L)), zeros = c(0, 0, 0, 0, 0, 0, 0, 
    0, 0, 0, 0, 0, 0, 0, 0, 0, 0, 0, 0, 0, 0, 0, 0, 0, 0, 0, 
    0, 0, 0, 0, 0, 0, 0, 0, 0, 0, 0, 0, 0, 0, 0, 0, 0, 0, 0, 
    0, 0, 0, 0, 0, 0, 0, 0, 0, 0, 0, 0, 0, 0, 0, 0, 0, 0, 0, 
    0, 0, 0, 0, 0, 0, 0, 0, 0, 0, 0, 0, 0, 0, 0, 0, 0, 0, 0, 
    0, 0, 0, 0, 0, 0, 0, 0, 0, 0, 0, 0, 0, 0, 0, 0, 0, 0, 0, 
    0, 0, 0, 0, 0, 0, 0, 0, 0, 0, 0, 0, 0), recruit.date = c(NA_integer_, 
    NA_integer_, NA_integer_, NA_integer_, NA_integer_, NA_integer_, 
    NA_integer_, NA_integer_, NA_integer_, NA_integer_, NA_integer_, 
    NA_integer_, NA_integer_, NA_integer_, NA_integer_, NA_integer_, 
    NA_integer_, NA_integer_, NA_integer_, NA_integer_, NA_integer_, 
    NA_integer_, NA_integer_, NA_integer_, NA_integer_, NA_integer_, 
    NA_integer_, NA_integer_, NA_integer_, NA_integer_, NA_integer_, 
    NA_integer_, NA_integer_, NA_integer_, NA_integer_, NA_integer_, 
    NA_integer_, NA_integer_, NA_integer_, NA_integer_, NA_integer_, 
    NA_integer_, NA_integer_, NA_integer_, NA_integer_, NA_integer_, 
    NA_integer_, NA_integer_, NA_integer_, NA_integer_, NA_integer_, 
    NA_integer_, NA_integer_, NA_integer_, NA_integer_, NA_integer_, 
    NA_integer_, NA_integer_, NA_integer_, NA_integer_, NA_integer_, 
    NA_integer_, NA_integer_, NA_integer_, NA_integer_, NA_integer_, 
    NA_integer_, NA_integer_, NA_integer_, NA_integer_, NA_integer_, 
    NA_integer_, NA_integer_, NA_integer_, NA_integer_, NA_integer_, 
    NA_integer_, NA_integer_, NA_integer_, NA_integer_, NA_integer_, 
    NA_integer_, NA_integer_, NA_integer_, NA_integer_, NA_integer_, 
    NA_integer_, NA_integer_, NA_integer_, NA_integer_, NA_integer_, 
    NA_integer_, NA_integer_, NA_integer_, NA_integer_, NA_integer_, 
    NA_integer_, NA_integer_, NA_integer_, NA_integer_, NA_integer_, 
    NA_integer_, NA_integer_, NA_integer_, NA_integer_, NA_integer_, 
    NA_integer_, NA_integer_, NA_integer_, NA_integer_, NA_integer_, 
    NA_integer_, NA_integer_, NA_integer_, NA_integer_)), jags.pars = c("beta0", 
"beta1", "phi", "gamma", "k", "Nt", "Lambda", "psi", "s"), jags.inits = function () 
list(gamma = 0.3, beta0 = -3, beta1 = 0.9, phi = beep$phi, s = s.pred.init))
